19
3
31
82
83
88
96
53
7
94
61
11
86
21
38
96
40
85
16
96
95
35
31
14
59
35
56
55
35
91
85
64
23
13
79
32
6
11
5
93
70
58
63
28
63
83
29
75
65
65
47
11
6
42
89
72
11
100
38
63
11
59
50
83
15
39
74
41
71
54
94
26
76
43
51
52
46
13
51
7
78
84
96
60
89
35
2
99
28
10
67
56
69
22
24
62
55
17
52
71
25
48
27
49
15
79
95
49
19
2
78
10
42
76
9
36
90
18
9
83
9
93
88
29
19
96
78
9
83
61
2
29
63
40
80
77
53
7
19
89
24
40
96
86
61
60
36
38
86
41
41
16
70
4
53
75
72
45
17
14
36
75
73
79
82
2
75
68
41
84
16
15
51
49
46
87
67
93
29
76
96
88
38
90
48
99
24
2
24
88
20
47
18
34
44
70
61
62
16
43
29
58
86
82
42
96
50
85
2
14
72
44
2
81
41
16
94
24
70
15
37
89
86
68
19
69
15
44
3
84
99
13
97
70
11
75
30
36
77
57
76
52
50
43
13
91
28
86
84
48
63
98
47
43
26
73
77
34
60
68
15
88
48
89
79
31
24
48
55
60
25
27
63
25
60
27
9
79
46
52
43
24
66
45
32
81
38
9
4
39
9
27
22
46
45
58
54
16
75
66
39
72
57
44
41
54
39
87
9
59
45
100
25
40
41
48
81
27
55
10
39
84
29
54
2
27
74
65
61
3
49
94
41
3
71
63
90
39
3
38
67
39
100
66
17
90
12
72
64
88
30
59
93
87
8
60
27
9
86
54
96
84
26
76
69
72
36
35
26
17
51
57
86
48
41
26
92
3
33
7
23
8
91
48
42
8
67
13
32
1
67
74
27
70
96
82
35
84
43
86
80
15
87
87
25
44
3
64
68
42
41
26
96
90
51
72
48
41
74
7
29
59
3
9
79
66
35
90
59
87
25
1
31
74
45
25
13
14
75
4
78
81
73
61
8
28
32
17
71
96
32
62
70
27
91
63
66
35
9
60
50
39
90
65
36
86
43
37
15
16
13
71
29
54
76
23
83
6
64
28
16
75
8
65
75
94
2
31
80
56
74
16
31
72
82
24
66
50
16
21
14
74
44
84
2
79
42
31
63
68
68
79
6
40
14
41
23
26
94
71
61
84
55
32
27
36
44
31
23
59
69
66
41
43
66
82
47
85
97
23
54
24
39
8
27
15
50
3
59
35
6
68
51
60
87
81
60
33
75
73
75
55
38
51
35
74
22
48
93
87
62
51
9
14
43
97
8
59
43
71
4
90
65
9
15
52
51
76
51
7
62
33
61
48
95
13
3
12
16
51
70
82
2
43
63
49
88
48
84
63
62
19
22
23
3
84
29
17
30
79
94
75
68
100
94
74
97
23
62
56
23
93
30
26
21
96
100
82
30
57
39
43
90
51
4
19
35
20
59
43
32
62
2
27
52
65
17
3
61
9
81
84
23
19
66
31
24
79
61
7
49
72
80
22
1
86
30
4
91
64
9
93
76
32
92
47
44
81
27
58
63
60
13
8
17
51
84
8
72
47
1
8
34
83
5
98
75
4
27
8
23
47
100
17
99
31
41
9
66
23
3
30
46
24
5
78
6
48
40
69
70
86
25
20
40
87
94
81
46
98
7
73
69
55
67
43
34
4
24
87
39
17
61
5
53
33
15
26
20
42
61
41
41
29
5
2
38
98
73
99
17
78
1
75
55
68
60
5
91
66
36
5
40
92
16
76
18
59
16
36
90
35
59
12
25
1
51
2
70
79
98
98
10
33
61
84
89
25
18
43
94
90
73
96
22
29
45
27
30
51
94
82
98
32
38
16
89
69
19
77
51
64
9
79
60
18
55
57
5
11
93
20
56
47
45
23
67
99
48
2
32
26
21
9
64
18
93
87
21
36
43
7
27
20
38
95
64
85
47
20
27
20
86
11
23
16
34
27
77
99
49
84
43
61
39
4
38
61
10
20
73
87
46
32
77
59
32
100
73
32
2
42
81
77
36
94
33
82
62
99
32
25
38
17
14
87
40
43
46
99
44
71
46
68
5
49
27
66
4
69
50
73
95
85
35
1
89
27
30
66
55
87
37
88
26
25
46
41
29
65
86
58
67
25
70
60
52
92
65
28
86
84
32
69
84
31
57
13
92
79
48
45
31
46
80
27
47
99
41
87
25
8
59
62
6
26
31
46
93
25
34
100
61
8
29
58
85
42
80
88
62
124
194
299
606
848
609
496
317
259
825
343
167
647
111
708
287
109
224
716
863
574
664
588
919
959
686
980
404
234
479
910
394
95
990
355
197
56
708
56
628
248
478
22
551
608
116
415
898
874
879
527
36
67
416
751
708
563
930
25
34
383
633
737
801
121
103
892
343
421
294
399
262
787
174
82
742
287
266
926
257
627
852
806
787
751
627
776
278
136
950
129
372
318
604
348
458
158
959
691
488
40
768
25
547
738
686
928
579
61
149
905
730
872
856
39
541
391
67
575
799
846
693
707
856
296
26
726
674
846
418
121
223
430
870
231
96
220
331
153
523
285
585
881
52
401
650
578
410
818
625
230
830
511
314
86
494
524
322
266
783
401
68
984
438
690
155
319
609
373
572
433
619
988
9
458
692
9
129
892
384
401
543
771
425
848
779
451
166
355
804
794
901
528
393
604
285
132
777
960
129
879
784
845
941
628
370
616
396
190
706
923
835
230
903
604
370
766
909
284
830
504
770
628
743
363
341
957
283
118
809
786
147
384
703
353
107
696
267
659
674
754
440
692
781
96
963
579
649
368
529
43
277
317
378
869
283
568
615
845
204
754
266
100
779
970
858
445
205
946
399
74
942
323
183
385
380
315
75
208
312
505
261
25
549
893
816
698
384
138
951
472
193
182
528
359
516
582
553
652
888
556
886
426
18
469
354
803
657
565
583
764
44
275
526
606
378
889
623
330
228
844
98
830
124
632
357
614
989
575
983
130
490
293
950
403
944
939
663
623
546
369
208
367
505
133
346
729
883
794
579
561
825
875
77
574
214
223
942
763
830
409
451
272
971
801
656
338
509
203
727
832
394
871
404
230
810
168
973
552
173
714
600
740
932
142
53
791
997
972
741
508
99
611
141
494
17
335
45
174
362
812
97
923
391
43
371
186
402
650
719
269
666
651
612
691
743
534
954
47
65
391
278
114
101
534
301
777
955
800
882
534
786
606
745
541
667
683
194
965
212
488
762
528
576
240
605
451
974
875
42
892
311
765
695
181
430
340
97
990
942
774
916
452
206
943
662
460
637
600
869
610
26
780
291
399
957
526
474
302
428
103
648
945
649
719
172
744
259
885
41
959
960
551
313
302
544
309
38
170
792
92
969
40
873
449
819
900
604
399
70
683
209
243
807
65
379
273
111
839
792
905
342
466
570
53
633
243
321
312
637
42
719
13
373
615
281
630
667
318
671
385
120
87
579
295
6
877
846
536
634
815
20
558
584
728
210
609
42
778
482
987
766
875
396
740
446
244
996
135
248
60
735
51
462
499
521
861
529
613
101
23
123
471
739
831
584
329
707
413
360
584
705
363
472
392
197
866
434
63
227
920
630
308
8
334
455
327
213
466
669
975
315
332
120
265
842
999
364
118
12
913
271
964
772
70
462
73
124
129
276
105
598
619
625
178
211
503
194
490
175
495
82
572
129
959
813
795
465
976
547
2
676
114
991
586
335
554
470
486
640
1
532
40
787
348
461
30
680
818
915
122
116
757
41
349
433
47
854
17
688
663
212
346
495
691
672
786
207
206
393
577
720
282
751
182
487
64
354
983
390
928
524
611
647
834
102
384
721
966
348
47
294
554
263
717
153
178
455
444
903
278
650
569
325
380
255
960
484
575
767
961
785
704
116
137
62
704
928
192
120
918
274
213
86
842
706
989
34
124
163
704
631
862
602
728
145
359
47
218
662
901
469
468
62
65
626
942
230
562
601
876
352
160
827
724
369
206
1000
547
780
691
619
925
597
258
942
764
671
187
651
116
691
319
574
902
956
826
360
787
280
630
809
140
915
266
20
808
590
575
20
321
371
822
730
619
630
714
931
113
449
564
7
555
15
368
945
136
520
431
432
445
919
549
834
302
399
931
196
695
602
359
374
733
468
65
982
126
216
428
385
971
787
265
576
611
118
280
139
421
128
419
413
95
831
205
239
814
590
658
342
751
354
75
317
928
216
172
229
947
515
482
41
954
347
892
762
368
716
157
362
28
893
373
457
403
357
701
963
530
828
884
78
969
497
219
421
101
618
730
571
833
626
71
13
247
899
855
259
440
96
659
551
19
795
72
529
461
695
427
918
110
29
998
962
248
374
778
50
530
609
401
828
739
328
865
410
119
257
402
473
835
257
29
765
807
454
753
281
745
811
890
53
829
603
129
848
990
159
181
72
265
393
441
7
785
995
405
291
451
737
555
218
823
953
982
853
729
905
315
77
498
702
173
122
331
962
534
118
114
158
