1000
394.383
783.099
798.44
911.647
197.551
335.223
768.23
277.775
553.97
477.397
628.871
364.784
513.401
952.23
916.195
635.712
717.297
141.603
606.969
16.3006
242.887
137.232
804.177
156.679
400.944
129.79
108.809
998.925
218.257
512.932
839.112
612.64
296.032
637.552
524.287
493.583
972.775
292.517
771.358
526.745
769.914
400.229
891.529
283.315
352.458
807.725
919.026
69.7553
949.327
525.995
86.0558
192.214
663.227
890.233
348.893
64.1713
20.023
457.702
63.0958
238.28
970.634
902.208
850.92
266.666
539.76
375.207
760.249
512.535
667.724
531.606
39.2803
437.638
931.835
930.81
720.952
284.293
738.534
639.979
354.049
687.861
165.974
440.105
880.075
829.201
330.337
228.968
893.372
350.36
686.67
956.468
588.64
657.304
858.676
439.56
923.97
398.437
814.767
684.219
910.972
482.491
215.825
950.252
920.128
147.66
881.062
641.081
431.953
619.596
281.059
786.002
307.458
447.034
226.107
187.533
276.235
556.444
416.501
169.607
906.804
103.171
126.075
495.444
760.475
984.752
935.004
684.445
383.188
749.771
368.664
294.16
232.262
584.489
244.413
152.39
732.149
125.475
793.47
164.102
745.071
74.5298
950.104
52.5293
521.563
176.211
240.062
797.798
732.654
656.564
967.405
639.458
759.735
93.4805
134.902
520.21
78.2321
69.9064
204.655
461.42
819.677
573.319
755.581
51.9388
157.807
999.994
204.329
889.956
125.468
997.799
54.0576
870.54
72.3288
4.16161
923.069
593.892
180.372
163.131
391.69
913.027
819.695
359.095
552.485
579.43
452.576
687.387
99.6401
530.808
757.294
304.295
992.228
576.971
877.614
747.809
628.91
35.4209
747.803
833.239
925.377
873.271
831.038
979.434
743.811
903.366
983.596
666.88
497.259
163.968
830.012
888.949
76.9947
649.707
248.044
629.48
229.137
700.62
316.867
328.777
231.428
74.161
633.072
223.656
651.132
510.686
971.466
280.042
546.107
719.269
113.281
471.483
592.54
944.318
450.918
336.351
847.684
434.513
3.23146
344.943
598.481
833.243
233.892
675.476
482.95
481.936
304.956
712.087
182.556
621.823
40.8643
413.984
695.984
673.936
637.64
347.116
184.622
609.106
627.158
730.729
328.374
740.438
202.213
920.914
684.757
653.13
257.265
532.441
87.6436
260.497
877.384
686.125
93.7402
111.276
361.601
576.691
593.211
666.557
288.778
775.767
288.379
329.642
189.751
984.363
3.57857
827.391
331.479
188.201
436.497
958.637
918.93
764.871
699.075
121.143
685.786
383.832
774.273
943.051
916.273
861.917
203.548
793.657
548.042
297.288
904.932
909.643
873.979
498.144
576.2
162.757
273.911
864.579
492.399
463.662
848.942
495.977
291.053
180.421
684.178
727.55
139.058
603.109
492.422
838.134
724.252
178.208
221.966
498.525
121.259
138.238
360.443
324.807
931.895
908.485
622.095
836.828
818.128
496.074
334.972
394.327
658.831
608.883
258.906
151.23
72.545
107.848
647.207
363.598
288.27
331.386
91.1486
427.328
934.495
583.57
265.461
658.747
761.778
487.427
157.272
883.037
625.665
517.715
207.844
557.561
426.199
829.939
394.388
244.327
326.013
729.36
638.654
984.845
338.243
897.56
136.075
410.788
5.40855
783.282
774.386
293.678
114.668
865.535
721.006
49.1625
449.105
986.467
707.909
210.883
473.894
865.181
93.9195
99.5593
382.896
301.763
657.12
809.095
131.702
51.5083
53.4223
457.716
780.868
692.076
442.56
119.111
589.637
578.635
529.899
595.045
361.917
304.285
888.723
476.585
169.82
609.729
525.747
618.925
596.196
233.656
829.808
70.0902
98.8374
923.728
169.65
481.733
225.491
826.769
290.829
357.193
878.278
344.251
814.909
659.146
36.3274
257.469
778.257
625.964
836.104
308.157
221.009
198.021
612.442
109.733
674.605
782.262
719.462
200.352
401.188
315.658
434.009
230.996
385.748
532.846
154.724
555.398
14.5793
380.215
382.167
305.408
737.408
260.445
649.659
552.316
919.591
685.986
809.785
697.848
311.95
645.889
6.00477
532.96
843.91
618.447
642.693
518.515
400.709
362.154
718.867
801.897
677.812
152.876
32.8927
63.5606
685.722
187.616
618.958
700.301
567.831
1.12548
5.70914
305.239
261.57
655.368
857.555
181.161
341.354
667.341
879.009
653.305
313.23
885.014
186.265
157.139
503.461
828.957
675.654
904.17
191.112
394.521
706.067
868.924
547.397
738.959
932.485
233.119
926.576
551.443
933.42
494.407
552.568
939.129
799.646
814.139
594.497
657.201
995.3
935.852
324.541
874.309
589.157
637.771
759.324
775.421
794.91
262.785
604.379
470.564
166.955
795.49
865.086
873.021
664.414
412.483
611.981
596.899
645.601
538.557
148.342
579.022
32.9634
700.91
518.151
832.609
515.049
112.648
489.81
510.349
48.4997
814.351
384.658
637.656
452.122
143.982
413.078
247.033
406.767
17.4566
717.597
573.721
812.947
582.682
446.743
477.361
995.165
58.7232
74.2604
640.766
597.28
222.602
219.788
630.243
923.513
737.939
462.852
438.562
850.586
952.662
948.911
899.086
767.014
333.569
536.742
219.136
477.551
949.82
466.169
884.318
967.277
183.765
458.039
780.224
766.448
904.782
257.585
761.612
963.505
331.846
402.379
560.785
554.448
622.167
191.028
477.961
360.105
653.88
916.523
210.692
606.542
865.434
109.778
373.556
199.003
646.52
592.692
676.554
596.341
58.8605
560.872
563.617
242.626
18.9108
343.841
9.07344
923.692
601.427
770.686
887.197
933.273
173.065
447.982
487.721
795.231
639.009
965.682
155.336
292.889
882.204
366.028
899.431
747.638
475.806
272.987
946.64
122.326
865.679
623.194
718.666
924.54
184.066
282.284
167.165
202.977
626.125
176.239
126.669
227.552
946.925
13.8663
160.824
119.989
461.848
648.545
915.221
100.857
614.227
70.557
393.746
496.431
436.585
293.177
244.069
912.391
566.164
190.709
34.7164
431.844
813.904
753.383
356.383
997.97
35.6664
523.548
200.947
661.792
699.787
327.616
889.343
646.712
341.482
50.1679
766.701
803.33
698.713
681.922
904.187
312.94
752.479
297.933
809.371
189.064
591.111
53.4394
101.454
157.275
244.149
136.171
589.119
58.0523
889.553
945.502
56.0222
925.22
469.05
256.969
587.011
168.837
584.585
476.355
815.549
926.068
526.523
582.25
729.398
225.236
264.172
633.585
538.175
16.6506
931.518
347.546
205.714
522.629
400.985
307.168
679.904
645.134
443.339
269.022
703.186
332.892
214.524
759.208
258.112
683.574
16.1775
845.123
852.411
600.763
321.478
667.96
526.83
848
250.21
256.228
73.2357
514.382
889.813
611.411
531.033
821.331
958.957
736.747
343.959
359.942
43.9153
23.8632
5.0762
487.254
292.886
708.262
820.146
507.41
467.471
78.2579
190.984
483.648
923.381
43.3947
84.411
244.858
711.355
611.241
92.8584
961.565
867.469
166.094
475.947
757.282
777.505
6.98012
578.613
736.462
743.727
922.572
96.4041
787.642
946.435
101.48
274.897
239.321
809.743
95.0427
746.73
277.214
173.301
937.714
760.862
96.6814
981.109
845.273
341.54
692.463
456.514
434.398
654.029
323.983
600.492
129.976
81.265
377.997
136.956
659.878
114.459
880.683
582.45
210.863
668.326
528.885
312.343
943.222
768.206
122.086
38.2648
514.936
399.3
211.565
452.65
160.162
308.247
433.758
5.43489
649.787
126.222
461.949
84.1846
780.251
785.932
684.677
910.227
867.197
62.6739
47.1826
527.075
177.133
927.866
109.525
387.996
596.191
638.409
700.34
539.413
406.615
822.426
577.678
921.551
221.726
789.244
374.201
381.888
97.4906
807.959
387.323
747.277
934.181
849.272
831.462
714.432
635.204
516.139
624.658
502.401
578.813
671.841
29.4762
755.945
599.707
139.001
143.942
195.898
777.41
844.281
735.311
184.025
666.707
312.99
105.576
888.433
102.233
479.777
270.321
199.724
287.736
657.643
947.001
221.918
506.915
778.463
936.349
142.119
294.601
561.007
644.52
873.414
232.848
673.996
629.359
832.555
812.997
773.301
28.4525
590.407
617.582
763.764
774.432
284.289
76.7534
880.009
172.722
178.987
359.786
443.043
378.71
647.522
100.686
325.711
869.44
607.6
104.174
805.789
749.719
398.775
366.796
394.239
272.189
599.644
68.2348
901.549
432.199
881.232
674.85
460.652
471.639
292.432
224.415
246.071
576.721
301.169
126.08
749.443
480.156
485.866
192.486
858.866
133.388
293.171
184.577
2.82779
900.772
288.752
808.617
650.491
687.527
175.413
44.7295
959.716
775.058
112.964
861.265
207.257
994.196
536.115
667.908
465.835
828.546
892.324
711.906
405.267
193.493
837.986
154.711
673.648
323.852
347.196
532.514
457.24
